Timecode List:,00:00:01.120,00:00:38.640,00:00:52.800,00:01:08.200,00:01:18.160,00:01:19.280,00:01:20.080,00:01:23.760,00:01:56.800,00:02:20.200,00:02:23.640,00:02:26.960,00:02:39.120,00:02:56.280,00:03:11.480,00:03:17.920,00:03:20.960,00:03:24.520,00:03:30.240,00:03:51.720,00:03:53.200,00:04:01.000,00:04:04.960,00:04:18.880,00:04:25.440,00:04:30.000,00:04:31.760,00:04:35.200,00:04:38.520,00:04:46.080,00:04:50.720,00:04:53.640,00:04:57.120,00:04:59.920,00:05:15.440,00:05:20.480,00:05:39.600,00:05:47.120,00:06:00.760,00:06:05.720,00:06:14.960,00:07:04.800,00:07:21.680,00:07:38.680,00:07:57.200,00:08:02.840,00:08:07.080,00:08:18.240,00:08:38.720,00:08:49.200,00:08:51.760,00:08:53.240,00:09:00.200,00:09:03.920,00:09:06.040,00:09:09.920,00:09:19.680,00:09:21.520,00:09:31.240,00:09:43.560
Scene Number,Start Frame,Start Timecode,Start Time (seconds),End Frame,End Timecode,End Time (seconds),Length (frames),Length (timecode),Length (seconds)
1,1,00:00:00.000,0.000,28,00:00:01.120,1.120,28,00:00:01.120,1.120
2,29,00:00:01.120,1.120,966,00:00:38.640,38.640,938,00:00:37.520,37.520
3,967,00:00:38.640,38.640,1320,00:00:52.800,52.800,354,00:00:14.160,14.160
4,1321,00:00:52.800,52.800,1705,00:01:08.200,68.200,385,00:00:15.400,15.400
5,1706,00:01:08.200,68.200,1954,00:01:18.160,78.160,249,00:00:09.960,9.960
6,1955,00:01:18.160,78.160,1982,00:01:19.280,79.280,28,00:00:01.120,1.120
7,1983,00:01:19.280,79.280,2002,00:01:20.080,80.080,20,00:00:00.800,0.800
8,2003,00:01:20.080,80.080,2094,00:01:23.760,83.760,92,00:00:03.680,3.680
9,2095,00:01:23.760,83.760,2920,00:01:56.800,116.800,826,00:00:33.040,33.040
10,2921,00:01:56.800,116.800,3505,00:02:20.200,140.200,585,00:00:23.400,23.400
11,3506,00:02:20.200,140.200,3591,00:02:23.640,143.640,86,00:00:03.440,3.440
12,3592,00:02:23.640,143.640,3674,00:02:26.960,146.960,83,00:00:03.320,3.320
13,3675,00:02:26.960,146.960,3978,00:02:39.120,159.120,304,00:00:12.160,12.160
14,3979,00:02:39.120,159.120,4407,00:02:56.280,176.280,429,00:00:17.160,17.160
15,4408,00:02:56.280,176.280,4787,00:03:11.480,191.480,380,00:00:15.200,15.200
16,4788,00:03:11.480,191.480,4948,00:03:17.920,197.920,161,00:00:06.440,6.440
17,4949,00:03:17.920,197.920,5024,00:03:20.960,200.960,76,00:00:03.040,3.040
18,5025,00:03:20.960,200.960,5113,00:03:24.520,204.520,89,00:00:03.560,3.560
19,5114,00:03:24.520,204.520,5256,00:03:30.240,210.240,143,00:00:05.720,5.720
20,5257,00:03:30.240,210.240,5793,00:03:51.720,231.720,537,00:00:21.480,21.480
21,5794,00:03:51.720,231.720,5830,00:03:53.200,233.200,37,00:00:01.480,1.480
22,5831,00:03:53.200,233.200,6025,00:04:01.000,241.000,195,00:00:07.800,7.800
23,6026,00:04:01.000,241.000,6124,00:04:04.960,244.960,99,00:00:03.960,3.960
24,6125,00:04:04.960,244.960,6472,00:04:18.880,258.880,348,00:00:13.920,13.920
25,6473,00:04:18.880,258.880,6636,00:04:25.440,265.440,164,00:00:06.560,6.560
26,6637,00:04:25.440,265.440,6750,00:04:30.000,270.000,114,00:00:04.560,4.560
27,6751,00:04:30.000,270.000,6794,00:04:31.760,271.760,44,00:00:01.760,1.760
28,6795,00:04:31.760,271.760,6880,00:04:35.200,275.200,86,00:00:03.440,3.440
29,6881,00:04:35.200,275.200,6963,00:04:38.520,278.520,83,00:00:03.320,3.320
30,6964,00:04:38.520,278.520,7152,00:04:46.080,286.080,189,00:00:07.560,7.560
31,7153,00:04:46.080,286.080,7268,00:04:50.720,290.720,116,00:00:04.640,4.640
32,7269,00:04:50.720,290.720,7341,00:04:53.640,293.640,73,00:00:02.920,2.920
33,7342,00:04:53.640,293.640,7428,00:04:57.120,297.120,87,00:00:03.480,3.480
34,7429,00:04:57.120,297.120,7498,00:04:59.920,299.920,70,00:00:02.800,2.800
35,7499,00:04:59.920,299.920,7886,00:05:15.440,315.440,388,00:00:15.520,15.520
36,7887,00:05:15.440,315.440,8012,00:05:20.480,320.480,126,00:00:05.040,5.040
37,8013,00:05:20.480,320.480,8490,00:05:39.600,339.600,478,00:00:19.120,19.120
38,8491,00:05:39.600,339.600,8678,00:05:47.120,347.120,188,00:00:07.520,7.520
39,8679,00:05:47.120,347.120,9019,00:06:00.760,360.760,341,00:00:13.640,13.640
40,9020,00:06:00.760,360.760,9143,00:06:05.720,365.720,124,00:00:04.960,4.960
41,9144,00:06:05.720,365.720,9374,00:06:14.960,374.960,231,00:00:09.240,9.240
42,9375,00:06:14.960,374.960,10620,00:07:04.800,424.800,1246,00:00:49.840,49.840
43,10621,00:07:04.800,424.800,11042,00:07:21.680,441.680,422,00:00:16.880,16.880
44,11043,00:07:21.680,441.680,11467,00:07:38.680,458.680,425,00:00:17.000,17.000
45,11468,00:07:38.680,458.680,11930,00:07:57.200,477.200,463,00:00:18.520,18.520
46,11931,00:07:57.200,477.200,12071,00:08:02.840,482.840,141,00:00:05.640,5.640
47,12072,00:08:02.840,482.840,12177,00:08:07.080,487.080,106,00:00:04.240,4.240
48,12178,00:08:07.080,487.080,12456,00:08:18.240,498.240,279,00:00:11.160,11.160
49,12457,00:08:18.240,498.240,12968,00:08:38.720,518.720,512,00:00:20.480,20.480
50,12969,00:08:38.720,518.720,13230,00:08:49.200,529.200,262,00:00:10.480,10.480
51,13231,00:08:49.200,529.200,13294,00:08:51.760,531.760,64,00:00:02.560,2.560
52,13295,00:08:51.760,531.760,13331,00:08:53.240,533.240,37,00:00:01.480,1.480
53,13332,00:08:53.240,533.240,13505,00:09:00.200,540.200,174,00:00:06.960,6.960
54,13506,00:09:00.200,540.200,13598,00:09:03.920,543.920,93,00:00:03.720,3.720
55,13599,00:09:03.920,543.920,13651,00:09:06.040,546.040,53,00:00:02.120,2.120
56,13652,00:09:06.040,546.040,13748,00:09:09.920,549.920,97,00:00:03.880,3.880
57,13749,00:09:09.920,549.920,13992,00:09:19.680,559.680,244,00:00:09.760,9.760
58,13993,00:09:19.680,559.680,14038,00:09:21.520,561.520,46,00:00:01.840,1.840
59,14039,00:09:21.520,561.520,14281,00:09:31.240,571.240,243,00:00:09.720,9.720
60,14282,00:09:31.240,571.240,14589,00:09:43.560,583.560,308,00:00:12.320,12.320
61,14590,00:09:43.560,583.560,15001,00:10:00.040,600.040,412,00:00:16.480,16.480
